S_01															
A_01								D_01							
37	0,66407	0,849409532990741	0,330054782620879	18	0,972370504252308	0,0290014029182915	0,0551856826869321	35	0,90901	0,883863902710803	0,998563185622734	17	0,954614910940315	0,0162914523355513	0,042249977691195
A_02								D_02							
35	0,725275	0,86974286956231	0,297196076488655	16	0,977687506192411	0,0281380820592654	0,0667204858599669	36	0,91113	0,896992176180817	1	16	0,955774134790528	0,0133470842891523	0,0468904958360914
A_03								D_03							
35	0,82042	0,92053166261674	0,23518740373096	17	0,973198699298306	0,0167481375339036	0,0555704970171541	35	0,93434	0,929022738451061	1	15	0,933724888206634	0,00596148468054043	0,0301885476702187
A_04								D_04							
35	0,912415	0,94393404625191	0,324090462143559	15	0,968633235004916	0,0057457927437074	0,035975949739518	35	0,94453	0,942941491112574	1	15	0,80926724137931	0,00231521116574769	0,0216634452781178
A_05								D_05							
37	0,941065	0,95989227859551	0,265671091445428	15	0,955936578171091	0,00234296740241774	0,0200908656062215	36	0,959095	0,958566714483402	0,997425524089739	15	0,709452004413387	0,000728959572631676	0,00931642404433226
A_06								D_06							
35	0,947965	0,958734867842864	0,275150745794986	15	0,90669628689305	0,00140314332572776	0,0159351136708238	35	0,95685	0,956541234438527	0,997356245869134	15	0,773959021810972	0,000391039445113867	0,0064356527532165

S_02															
A_01								D_01							
35	0,679945	0,912592224027615	0,260672803441077	17	0,978339147857033	0,0132711771776688	0,0342421728398526	36	0,94374	0,928614884120062	0,997605309371223	16	0,967249754829293	0,00717224140894806	0,0256784556503139
A_02								D_02							
37	0,739955	0,899809409168422	0,266283562865352	17	0,981511938967601	0,0160951568649846	0,0481593820937519	36	0,92912	0,918249782671689	0,997449908925319	15	0,962404371584699	0,00609906870137402	0,0284472750455144
A_03								D_03							
35	0,80742	0,905448370758556	0,234365907924012	16	0,976518911518056	0,00939107740012926	0,0387869044440325	35	0,92443	0,918310209332115	1	15	0,949743042114396	0,00234706724514206	0,0164119118120815
A_04								D_04							
36	0,89031	0,919475320023179	0,345919370698132	15	0,972271386430678	0,00250075770439497	0,0199922434283893	35	0,922075	0,919843441408822	1	15	0,80621408045977	0,000871141195542575	0,0104953779673011
A_05								D_05							
36	0,90928	0,925499547734561	0,327433628318584	15	0,963311209439528	0,00104629524507992	0,0113765139761429	36	0,92691	0,925943197773734	0,997057741816844	15	0,702096358955498	0,00046838560423465	0,00843809300518424
A_06								D_06							
35	0,92542	0,934660577396888	0,348143446524913	15	0,863535385591876	0,000521706019477589	0,00857104019501942	35	0,934135	0,933632933139198	1	15	0,766688697951091	0,000137841595093827	0,00283613671031509

S_03															
A_01								D_01							
35	0,690815	0,945983347197711	0,23095568352178	17	0,982500385299763	0,00421704966889951	0,0145759453905116	35	0,96475	0,955357886175738	0,998198280384063	16	0,980340730266609	0,00205136455891004	0,00880522818882876
A_02								D_02							
37	0,761025	0,938723375798308	0,2344793421183	17	0,986505498860596	0,0061693281699232	0,0218501270522622	43	0,953065	0,946415531729933	0,994863387978142	16	0,978579234972678	0,00221749820956439	0,0133404173684118
A_03								D_03							
36	0,8353	0,938688994935152	0,230908779736437	16	0,986034571281876	0,00285846447025644	0,0159174034683363	37	0,949055	0,944940194684813	0,999866515384102	16	0,968964826803711	0,00109405641002708	0,0107636364164976
A_04								D_04							
37	0,907515	0,939034925986409	0,319174041297935	15	0,981120943952802	0,000902223980408239	0,0114403719272169	35	0,93941	0,938415487162607	0,974137931034483	15	0,86548132183908	0,000495267804520577	0,00992648262297175
A_05								D_05							
36	0,92047	0,938019077378505	0,290929203539823	14	0,969948377581121	0,000464060047824796	0,00553344075344502	35	0,937225	0,936592981584643	0,983082015446855	15	0,76425156307466	0,000251935245369267	0,00470945904437948
A_06								D_06							
35	0,931845	0,940624539621741	0,383370358616312	15	0,927959377975246	0,000204815226899923	0,00322450148839506	35	0,93952	0,939225238932525	0,978189028420357	15	0,765366820885658	8,80396180091156E-05	0,0019958912457643

S_04															
A_01								D_01							
35	0,63777	0,835609941925101	0,281226794446079	17	0,984882238381461	0,0107605740479158	0,0295209765896498	35	0,916635	0,900136404680025	0,975391702967136	16	0,98485643259516	0,00563864651279298	0,0217903300344722
A_02								D_02							
36	0,68959	0,832106195873876	0,267294164272268	16	0,991915188744675	0,01257938397979	0,0391195483080327	36	0,882395	0,867655751955955	0,975045537340619	15	0,991584699453552	0,00508783971918272	0,0240695894843589
A_03								D_03							
35	0,7438	0,828369001961531	0,249426664384734	16	0,993291117576587	0,00714300253781607	0,0301523492490228	35	0,850765	0,840393044963436	0,978842688380164	15	0,985583661483014	0,00229350506834229	0,0165774246817794
A_04								D_04							
35	0,80926	0,835847863878207	0,312979351032448	15	0,994395280235988	0,00208738437875602	0,0176513394731161	35	0,84159	0,839172564186965	0,926005747126437	15	0,958512931034483	0,000748957223303507	0,00889120289434766
A_05								D_05							
37	0,81162	0,824377107145794	0,353982300884956	15	0,989122418879056	0,00088982775400603	0,00998333514004243	35	0,82858	0,826430320203162	0,984553144538433	15	0,873115115851416	0,000352422071417014	0,00632539665336935
A_06								D_06							
35	0,840255	0,849046731250857	0,291018724214535	15	0,988257695969534	0,000494936521434702	0,00775544944214466	35	0,84924	0,848493856020797	0,947124917382683	15	0,9477858559154	0,000151045048393546	0,0039128042822722

S_05															
A_01								D_01							
35	0,651765	0,949808360608581	0,114637187732056	18	0,98436383506368	0,0241534930585817	0,0446910624749305	35	0,9675	0,959385986820618	0,996396560768126	16	0,983579264259813	0,0140528409444729	0,0359045563516378
A_02								D_02							
36	0,71442	0,930558063329655	0,0739720598434559	17	0,994530862974339	0,0243468798536159	0,0573228142905228	36	0,95017	0,946096783541003	0,975774134790528	15	0,995992714025501	0,0102577192631088	0,0357272947202706
A_03								D_03							
35	0,830425	0,967163392569605	0,0310799246962177	16	0,996337497860688	0,0136569805859089	0,0453364421551073	34	0,966725	0,965214007361486	0,985383434559167	15	0,992658346125609	0,00489257153420372	0,0241530059544032
A_04								D_04							
35	0,93351	0,982247273876626	0,023795476892822	15	0,9992133726647	0,0051897995778585	0,0304215325587092	35	0,96828	0,977915157998683	0,631824712643678	15	0,998922413793103	0,00188734402792408	0,0156761845356793
A_05								D_05							
36	0,962945	0,986807211577995	0,10693215339233	15	0,996312684365782	0,0018551939346275	0,0147472422893312	35	0,98311	0,983961962885427	0,921294593600588	15	0,970577418168444	0,000752397489405054	0,00881893734740623
A_06								D_06							
35	0,97383	0,989016962240093	0,025071405902888	15	1	0,00121736963822896	0,0139399073177903	35	0,98414	0,987258611395205	0,575016523463318	15	1	0,000472461053872711	0,00885566185585601

S_06															
A_01								D_01							
38	0,663745	0,878687989302402	0,2763790228798	17	0,977722668235887	0,0131952823414771	0,0313014825656329	35	0,929715	0,913994607852555	0,985700275959587	16	0,969188313909732	0,00703326130509257	0,0230179065042309
A_02								D_02							
37	0,721065	0,863503527602234	0,298999306450015	16	0,9832953532151	0,017223905771502	0,0509654567118564	36	0,88835	0,882144305998261	0,92735883424408	16	0,967941712204007	0,00677889832533213	0,0310896492096022
A_03								D_03							
35	0,76961	0,855367860175074	0,268286838952593	16	0,976313537566319	0,0094488184691367	0,0386493010095242	35	0,878035	0,871130760957101	0,963291730628045	15	0,954815457518521	0,00270851127903836	0,0187969892774643
A_04								D_04							
35	0,8224	0,845056102828847	0,399508357915438	15	0,974827925270403	0,00272521055497699	0,0202447783998764	35	0,85103	0,847674251152074	0,968211206896552	15	0,856860632183908	0,000939442625127367	0,0102303449721142
A_05								D_05							
37	0,824005	0,835231477674533	0,42127581120944	15	0,963495575221239	0,000892135319840111	0,00897306629129656	36	0,839815	0,838012783795703	0,970577418168444	15	0,715704303052593	0,000334009305700353	0,00538258570143304
A_06								D_06							
35	0,831635	0,838749498346448	0,387178673437004	16	0,944779435099968	0,000522635849713333	0,00700549647734702	37	0,83708	0,83665932781492	0,892267019167217	15	0,862524785194977	0,000194232399504645	0,00408977013572268

S_07															
A_01								D_01							
35	0,625395	0,813942640347672	0,285598195396018	17	0,978633376767125	0,0215797345000937	0,0389164735514228	35	0,91017	0,885804307313981	0,996943918626132	16	0,971172486145004	0,0131642145873753	0,0322927986375779
A_02								D_02							
37	0,71065	0,917310328685592	0,0982859407510156	16	0,986129000297236	0,0184199447165275	0,0414394316561872	36	0,93963	0,93184584178499	0,98856102003643	16	0,978032786885246	0,00986524671603663	0,0317512816304155
A_03								D_03							
35	0,793335	0,909951108118395	0,111620742769125	16	0,98196132123909	0,0134708203321925	0,0416593107640334	35	0,923685	0,918456141868045	0,988253353800974	15	0,957284922912634	0,00678817795013955	0,0302943964853722
A_04								D_04							
36	0,91774	0,962239898856872	0,0871189773844641	15	0,981317600786627	0,00684136956437876	0,0374597033748962	36	0,95252	0,961626686965109	0,63451867816092	15	0,888110632183908	0,00376270251682868	0,0283496549753288
A_05								D_05							
36	0,94091	0,961213099251706	0,212573746312684	15	0,95169616519174	0,00392388954073926	0,0295487653195751	36	0,958815	0,960781828964776	0,816108863552777	15	0,682971680764987	0,00192567654209211	0,0211632006111634
A_06								D_06							
35	0,97051	0,985125654689635	0,0574420818787686	15	0,968264043160901	0,00243312260496316	0,0248193363721284	37	0,980755	0,985248404177604	0,391275611368143	15	0,933245208195638	0,00106333414385159	0,0159616747955674

S_08															
A_01								D_01							
35	0,69651	0,902275572002768	0,32568338167094	17	0,967662841690836	0,021805194627055	0,0442000909865373	36	0,919715	0,897568410469219	0,998585992200151	17	0,944648436609118	0,0118847382115056	0,0322035180360736
A_02								D_02							
37	0,77666	0,93094593239041	0,319488754582384	17	0,967006836421282	0,0210901115945118	0,052769246800319	36	0,931395	0,920481019994205	1	16	0,928087431693989	0,00981268564985903	0,0358387935451516
A_03								D_03							
35	0,84968	0,943988055157069	0,298374122882081	16	0,955673455416738	0,0123779901447861	0,0440174914077411	36	0,941765	0,937049027927163	1	15	0,8753921110592	0,00417530305837247	0,0220168792012047
A_04								D_04							
36	0,913355	0,940899752410051	0,3992133726647	15	0,917502458210423	0,00398593076369185	0,0265337930898928	35	0,938645	0,936887960829493	1	15	0,535380747126437	0,00148105803283458	0,0132154064686682
A_05								D_05							
37	0,94396	0,95898260833813	0,405051622418879	15	0,879793510324484	0,00165195773144819	0,0151513918844699	36	0,95681	0,956214739381897	1	15	0,392423685178374	0,000536855060426102	0,00752747003889191
A_06								D_06							
35	0,956765	0,965846918196181	0,389400190415741	15	0,553475087273881	0,000810609511542267	0,0108332077626372	35	0,96366	0,96338299233703	1	15	0,319894249834765	0,000171151330120109	0,0031800426818772

S_09															
A_01								D_01							
35	0,67797	0,89485877770608	0,287097361747439	17	0,974962520841214	0,0394690714712844	0,0723771166060175	36	0,939905	0,923434067869333	0,998563185622734	17	0,957967477820603	0,0232807187395304	0,0587701318391865
A_02								D_02							
37	0,740155	0,904758083391848	0,252412563162588	18	0,981769543247796	0,0365080982650568	0,0839785105952963	36	0,93846	0,928704723268618	0,999781420765027	16	0,962112932604736	0,0168311957119767	0,0566656698462245
A_03								D_03							
36	0,84822	0,965149164153761	0,164675680301215	15	0,980489474584973	0,023746930535167	0,0763891965823669	35	0,968705	0,966186890934347	0,999799773076153	16	0,949676299806447	0,00823881712075187	0,040238927393206
A_04								D_04							
36	0,941905	0,981162092398462	0,209144542772861	15	0,984267453294002	0,00870618448040597	0,0513218070295565	36	0,97777	0,977267116524029	0,995330459770115	15	0,938757183908046	0,00344304588397973	0,0313772490402692
A_05								D_05							
36	0,967475	0,988040662774443	0,229719764011799	15	0,979166666666667	0,00267497344615132	0,0225541237648742	37	0,985755	0,985578945767712	0,998528870908422	15	0,938580360426627	0,00081502942646464	0,0122051883220521
A_06								D_06							
35	0,97961	0,992644107920284	0,165344335131704	16	1	0,00156225245276857	0,0188436607435179	36	0,989615	0,989697058245628	0,978849966953073	15	1	0,000360969731713856	0,00813402673580873

S_10															
A_01								D_01							
38	0,65775	0,887099909039315	0,244420158883611	18	0,980454793829599	0,025664670754141	0,0518172460579395	35	0,941955	0,926213393274545	0,998015827764727	17	0,978265331721669	0,0129178510964507	0,0375065585900624
A_02								D_02							
38	0,71436	0,891998528772528	0,187991677400178	16	0,990151590211037	0,0314697959268968	0,0746302238657089	36	0,92574	0,91395537525355	0,999817850637523	16	0,986593806921676	0,0124934157688481	0,0461004957685106
A_03								D_03							
35	0,81673	0,930989255496677	0,148793428033544	16	0,990415882252268	0,018047053144989	0,0599281899339647	35	0,94081	0,936119383624208	0,998731896148969	15	0,982780484549156	0,005555658124865	0,031548864561797
A_04								D_04							
35	0,90951	0,950877100563662	0,137364798426745	15	0,996558505408063	0,00535926126067253	0,0355961269065314	36	0,94858	0,948130966096116	0,964260057471264	15	0,96875	0,00209858021646767	0,020761001524273
A_05								D_05							
36	0,93348	0,952758819176055	0,24188790560472	15	0,99188790560472	0,00211017768349395	0,0221304899104537	36	0,951265	0,95070990110553	0,991541007723428	15	0,919087899963222	0,000752686750327227	0,0134942021850681
A_06								D_06							
35	0,953935	0,967492849849377	0,106950174547763	15	0,991431291653443	0,0011552312467203	0,0170001745217957	34	0,964815	0,965201751248193	0,914077990746861	15	0,99074686054197	0,000439126513890255	0,0119937488358234

S_11															
A_01								D_01							
35	0,679335	0,926562852278293	0,233785885418856	17	0,982444341697841	0,0277504149472463	0,0553563649144409	35	0,95643	0,944586399236646	0,998608798777567	16	0,977626747553995	0,0135272760471554	0,0377367045278471
A_02								D_02							
37	0,73157	0,900765707025111	0,230218963638165	16	0,98765481026454	0,0348111709835376	0,0856494389663631	36	0,927845	0,916377861489423	0,999927140255009	15	0,978943533697632	0,0135657144917802	0,0512767884328667
A_03								D_03							
35	0,824085	0,933384079398074	0,185144617491015	15	0,988635974670546	0,019977676193923	0,0690094493737311	35	0,94275	0,938157034218477	0,999466061536408	15	0,977507842221184	0,00597179883526717	0,0360371091244702
A_04								D_04							
35	0,919495	0,957161670968761	0,216420845624385	15	0,996558505408063	0,00466767951171605	0,0296961842810084	35	0,956045	0,955187417709019	0,985991379310345	15	0,994612068965517	0,00159053585985709	0,0174309251937398
A_05								D_05							
36	0,944585	0,963160924266097	0,27820796460177	15	0,99391592920354	0,00211072458699058	0,0230247516404008	36	0,96088	0,960447280782235	0,992276572269217	15	0,967635159985289	0,000913180375418042	0,0166826392106708
A_06								D_06							
35	0,95884	0,972618606139732	0,098064106632815	15	0,999682640431609	0,000897449523234493	0,0114915905221183	34	0,969875	0,969947654002529	0,960343688037013	15	0,98876404494382	0,000202126649568271	0,00431823542216064

S_12															
A_01								D_01							
35	0,639315	0,768369004952304	0,40673644095106	17	0,968391408515825	0,0187424652070023	0,0402464314764623	35	0,824765	0,776059377661652	0,99822108696148	16	0,946746641731475	0,0106579260652086	0,0318771911274982
A_02								D_02							
39	0,7494	0,886949543585114	0,341821064103834	16	0,969087486376697	0,0154947168243205	0,0415172717384238	37	0,90155	0,885888148362793	1	16	0,935883424408015	0,00762160097132775	0,0299480335717679
A_03								D_03							
35	0,82265	0,909025968322745	0,317713503337327	15	0,957829881909978	0,00890188151016636	0,033802344175114	35	0,9087	0,901306366442003	1	15	0,873456584128679	0,00359160744252647	0,0208314458581127
A_04								D_04							
35	0,874205	0,899373123320866	0,404424778761062	15	0,925762045231072	0,00351761001151641	0,0237331099474291	35	0,899905	0,897038553324556	1	15	0,577945402298851	0,00160319103743613	0,0158997246656656
A_05								D_05							
37	0,919635	0,933177781432448	0,433812684365782	15	0,881637168141593	0,00150623357294843	0,0159567056361432	36	0,93173	0,930789077508731	1	15	0,429569694740713	0,000537305785174958	0,00847249014414928
A_06								D_06							
34	0,96344	0,97333489121103	0,345287210409394	14	0,589019358933672	0,000906225759885588	0,0120277848617827	34	0,97084	0,970617723075063	1	15	0,37871777924653	0,000237576939456765	0,0050601900353755

