S_01															
A_01								D_01							
1693	0,675525	0,872188576270923	0,321101817213792	228150	0,979908368710857	0,0172187402621532	0,032302915721454	1665	0,94591	0,943324816045801	0,955116655643488	108899	0,993454512281342	0,00832194130477822	0,0225096434708251
A_02								D_02							
1659	0,739775	0,885110509245327	0,309125136233033	143311	0,98729812741504	0,0172798991181476	0,0406364383420496	1659	0,92594	0,91502752825268	0,994535519125683	57872	0,992459016393443	0,00676142262634782	0,0242054347052293
A_03								D_03							
1669	0,83427	0,928904763298885	0,281054252952251	65133	0,996029436933082	0,00895996540791316	0,0300058464826151	1927	0,911875	0,905197900733446	0,994326903824334	34738	0,995595007675365	0,00298851159921232	0,0152949217963618
A_04								D_04							
1650	0,9147	0,941742611810567	0,409931170108161	21489	0,998721730580138	0,0031600384047782	0,0191328755442439	1647	0,901555	0,898761520737327	0,999102011494253	16705	0,992816091954023	0,00115396912933144	0,0101795297409209
A_05								D_05							
1656	0,940125	0,953838088972946	0,448193215339233	12794	0,999262536873156	0,00142664881732567	0,0124439640184361	1710	0,882155	0,880647401422337	0,991541007723428	8897	0,999632217727106	0,000457315631021465	0,00662606289028442
A_06								D_06							
1966	0,95705	0,964612469456284	0,484608060933037	8794	0,998413202158045	0,000750543861677982	0,00879027738802069	1756	0,919695	0,919153395436477	0,99074686054197	6048	0,984137475214805	0,000240732100892645	0,00493962348172653

S_02															
A_01								D_01							
1731	0,692645	0,901840204622669	0,315637566026369	238344	0,980174575819988	0,00707837467404304	0,0182602253638562	1694	0,94706	0,936927244433344	0,983145939288891	108492	0,991515953200903	0,00349267851590631	0,0127914023487334
A_02								D_02							
1739	0,74617	0,886742234259538	0,329634400079263	143551	0,987397205984346	0,010781280792108	0,0341393879647326	1688	0,918825	0,907493480150681	0,990054644808743	57673	0,991548269581056	0,00356375392317922	0,0182687568885283
A_03								D_03							
1700	0,810345	0,88988494305706	0,345370528837926	64625	0,993188430600719	0,00544830318417115	0,02345787411958	1679	0,890065	0,881367658107093	0,997463792297938	32055	0,988320096108923	0,00124063440249515	0,00909717250884683
A_04								D_04							
1688	0,879985	0,89751883263973	0,552704031465093	21398	0,994493608652901	0,0014270886828837	0,0121569180076728	1686	0,863395	0,859529295589203	0,998383620689655	13788	0,988685344827586	0,000545072342464727	0,00792383668481781
A_05								D_05							
1675	0,88206	0,888146534002138	0,663716814159292	12596	0,999631268436578	0,000677236473867455	0,00812483127150551	1680	0,833925	0,831646230503698	0,999264435454211	8467	0,972784111805811	0,000288278307450362	0,00572231909862821
A_06								D_06							
1701	0,893905	0,896468866999578	0,733735322119962	8169	0,991113932085052	0,00030353160165527	0,00520695602616325	1689	0,857285	0,856232398091563	0,995373430270985	5749	0,969596827495043	9,23245721508425E-05	0,00205164646624725

S_03															
A_01								D_01							
1677	0,7138	0,942671445341958	0,301332436635703	217875	0,976727894301767	0,00336164131270901	0,0118819664503562	1664	0,939645	0,923286776430808	0,997901794877643	102721	0,971149679567587	0,00172401031302756	0,00767741371076561
A_02								D_02							
1655	0,78244	0,928712341592269	0,349014168235411	137271	0,981571386109185	0,00481990530828664	0,0219730753742782	1654	0,91592	0,9026369168357	0,999417122040073	54265	0,981857923497268	0,00170218594097335	0,0106517293965549
A_03								D_03							
1682	0,840425	0,924700647012325	0,347766558274859	60911	0,988019852815335	0,00216137916610451	0,0113965245448808	1667	0,89331	0,885297026759703	0,992257892277915	30930	0,98785289995328	0,000648160052924896	0,0047962216896914
A_04								D_04							
1669	0,89104	0,909634936522151	0,543952802359882	20713	0,984365781710914	0,00074714275466197	0,00882554944838141	1647	0,860685	0,85680340684661	0,996228448275862	13649	0,991918103448276	0,000322219765608482	0,00531485637161991
A_05								D_05							
1682	0,884465	0,891523106652413	0,631268436578171	12348	0,997050147492625	0,000409064952175937	0,00491489130768439	1646	0,835295	0,833146628413278	0,991173225450533	8265	0,991541007723428	0,000192539967037267	0,00372320490839772
A_06								D_06							
1652	0,90543	0,907726226701685	0,76198032370676	8062	0,964773087908601	0,000161473500265244	0,00255901424498927	1663	0,84798	0,846861507302745	0,994712491738268	5642	0,935228023793787	6,01137996636253E-05	0,00135889624338918

S_04															
A_01								D_01							
1659	0,62191	0,710690601506682	0,46191136704356	217037	0,972482591456153	0,00587239579213114	0,0161000751429748	1657	0,94117	0,933526733396092	0,968390083700139	102894	0,984081008962985	0,00286391850295286	0,0115662026110768
A_02								D_02							
1675	0,646775	0,711565854147858	0,454790448825919	138081	0,981412860398296	0,00738134351252919	0,0234299688413784	1681	0,925055	0,91463343958273	0,990564663023679	54928	0,986229508196721	0,00303497803025692	0,0144940531754779
A_03								D_03							
1665	0,66717	0,705489357964692	0,443162758856752	61044	0,985829197330139	0,00355613055564561	0,0157515292634865	1643	0,878915	0,869357950890999	0,996929853834346	30950	0,978375492224521	0,00111888293125139	0,00797679794430923
A_04								D_04							
1651	0,70515	0,711225833640626	0,591740412979351	20468	0,938643067846608	0,000967790800536279	0,0078878126963904	1658	0,779445	0,77375637755102	0,97808908045977	13540	0,899066091954023	0,000389921185763356	0,00460496456449375
A_05								D_05							
1668	0,719985	0,721954403420771	0,649336283185841	12179	0,994653392330384	0,000531385299827919	0,00634742778404726	1661	0,75824	0,755009352142376	0,992644354542111	8303	0,95034939315925	0,000206923510789843	0,00387983243107979
A_06								D_06							
1649	0,713635	0,713963494861544	0,693113297365916	8020	0,918121231355125	0,000280710176347765	0,00448607294500226	1675	0,728795	0,726783114259372	0,992729676140119	5698	0,90680766688698	7,6172579243562E-05	0,00192646081857718

S_05															
A_01								D_01							
1659	0,651705	0,857658189960117	0,280540260322531	216217	0,990108304260715	0,0187588116500531	0,0333205695352579	1649	0,95788	0,961710629959079	0,944237918215613	102255	0,997217597555135	0,0102780030372953	0,0256945120340425
A_02								D_02							
1677	0,67568	0,818356906409871	0,252907956009115	137541	0,995759437233726	0,0201642561699952	0,0456421278630202	1673	0,94967	0,943645320197044	0,987540983606557	54382	0,999052823315118	0,00815387791812521	0,0285403883799849
A_03								D_03							
1653	0,79729	0,909869133706122	0,139175081293856	60794	0,99928119116892	0,0113132284293805	0,0364326407208655	1650	0,943535	0,93967040866515	0,99125675765868	30819	0,995461523059467	0,0041352522407977	0,0202504717091831
A_04								D_04							
1659	0,902475	0,942111362798293	0,162635201573255	20533	0,999803343166175	0,00443249959539571	0,0255034780779525	1657	0,934605	0,933992346938776	0,955998563218391	13490	1	0,00165778392639786	0,0140014773963289
A_05								D_05							
1684	0,935405	0,955883562207055	0,200774336283186	12290	0,999262536873156	0,00166527225017201	0,0132694750123668	1649	0,951265	0,951206654467485	0,955498344979772	8389	1	0,000608378265099421	0,00740889348122279
A_06								D_06							
1650	0,945165	0,958089703275099	0,137734052681688	8037	1	0,00115210389934008	0,0131306172181209	1656	0,953285	0,954415150614398	0,805023132848645	5705	1	0,000403678923388512	0,00832987154162381

S_06															
A_01								D_01							
1652	0,68433	0,874715261958998	0,341221470303896	216849	0,971151555910498	0,00739307186062583	0,0190638108255548	1678	0,936735	0,922793670310529	0,986384473282095	103402	0,984468720779073	0,00342736785114577	0,0120316815397947
A_02								D_02							
1664	0,73988	0,861938676564015	0,378202714752799	137594	0,979114237590409	0,00907798949101407	0,0266458036523344	1663	0,90644	0,894749348015068	0,979927140255009	54561	0,982295081967213	0,00344280432013835	0,0162796300995192
A_03								D_03							
1660	0,78882	0,853224814825658	0,412322437104227	61134	0,979907581721718	0,004370441639126	0,0183674112071357	1656	0,884625	0,876108681904906	0,989788426883802	31128	0,983047453780952	0,00112735945793174	0,00767295495028703
A_04								D_04							
1659	0,84324	0,855649791919086	0,611602753195674	20668	0,988102261553589	0,00121638561074647	0,00927503941368338	1876	0,85572	0,851598502304147	0,999640804597701	16066	0,966594827586207	0,00044134323724016	0,00532554616734305
A_05								D_05							
1715	0,838535	0,842683578653071	0,689712389380531	24086	0,989491150442478	0,000485522682133616	0,00517029256564256	2014	0,819135	0,816718285085741	0,994483265906583	8600	0,913938948142699	0,000170121360700293	0,00291520129605471
A_06								D_06							
1849	0,836585	0,838236414713816	0,733417962551571	8457	0,94224055855284	0,000278686753644674	0,00405872713226622	1696	0,828645	0,827666295525652	0,95703899537343	5775	0,914077990746861	8,2235448073791E-05	0,00174118714093939

S_07															
A_01								D_01							
1943	0,62838	0,822339011249582	0,278830930463901	220917	0,988693203312177	0,016458019878819	0,0287565971492513	1700	0,958615	0,961550530569377	0,948160649531325	104675	0,997263210709969	0,0093844256689798	0,0227138388558531
A_02								D_02							
1693	0,70416	0,89801718661183	0,129733478648568	138623	0,996452987218865	0,0145894719741805	0,031611816154533	1685	0,95108	0,957264560996813	0,912204007285975	55580	0,999890710382514	0,00738902977165615	0,0232335770995949
A_03								D_03							
1702	0,79721	0,915701027607811	0,104535341434195	62811	0,999828855040219	0,0101377787311587	0,0306416653634345	1784	0,94292	0,949955949993784	0,856036841753988	31490	0,993592738436895	0,004583441971609	0,0205341301105769
A_04								D_04							
1671	0,900225	0,942185112995838	0,11701081612586	20869	0,999803343166175	0,004810385210603	0,026118985281291	1674	0,92754	0,941285385121791	0,447557471264368	13784	1	0,00228423230798511	0,0176179115804747
A_05								D_05							
1663	0,939985	0,960257174574459	0,212758112094395	12439	1	0,00249912999326366	0,0193889992876822	1663	0,952485	0,958338613449851	0,527767561603531	8331	0,989702096358955	0,00107482586413592	0,0124091991972077
A_06								D_06							
1662	0,96799	0,981645830052477	0,114884163757537	8051	1	0,00157371073893361	0,0162009698268088	1682	0,97611	0,980925702942762	0,344348975545274	5687	0,998678122934567	0,0005634759228083	0,00868500675402405

S_08															
A_01								D_01							
1674	0,70142	0,905082136720906	0,334384150869376	219865	0,989631933644375	0,0118711657783918	0,0245425003413276	1663	0,95043	0,941627762514969	0,981777544643875	104156	0,996715852851963	0,00561632352483376	0,0159950983276713
A_02								D_02							
1670	0,7791	0,913672384391614	0,380342811849797	137648	0,993163578717923	0,0104656888307583	0,0272943239373971	1648	0,907305	0,893845262242828	0,991912568306011	55341	0,995810564663024	0,0040827022923641	0,0167344697205953
A_03								D_03							
1660	0,836325	0,914248909447551	0,380797535512579	61774	0,998048947458497	0,00585188381848907	0,0215216840010187	1646	0,86567	0,854991703465087	0,997530534605887	31228	0,994193419208436	0,00160858053211537	0,00952329003579399
A_04								D_04							
1660	0,895025	0,910788600326608	0,6007866273353	20836	0,999016715830875	0,00169465918205594	0,0114763892308942	1661	0,82355	0,818527814351547	0,998922413793103	13654	0,999461206896552	0,000587153465261124	0,00632047709276439
A_05								D_05							
1659	0,8753	0,879085807088233	0,739491150442478	12317	0,999078171091445	0,000770319235571036	0,00751402030961398	1654	0,78647	0,783557463719263	0,997793306362633	8379	1	0,000214958685138935	0,00361009001803379
A_06								D_06							
1655	0,90475	0,906313976702955	0,80704538241828	7972	0,996509044747699	0,000337517746489314	0,00434489674550485	1670	0,805975	0,804556469693229	0,992068737607403	5678	0,993390614672835	5,64862990008946E-05	0,00127211870911805

S_09															
A_01								D_01							
1668	0,690045	0,896530277468961	0,317921342804702	218523	0,989617922743895	0,0140300917232732	0,0297590050667599	1650	0,948855	0,94431102828636	0,965037516819851	104255	0,997673729103473	0,00563778790519274	0,017016210118006
A_02								D_02							
1650	0,74407	0,891222790651018	0,308035271970673	138269	0,994134548697117	0,0143999116627419	0,0363911481367653	1670	0,926045	0,915044914517531	0,995191256830601	55288	0,998907103825137	0,00481797592531439	0,0182141753834525
A_03								D_03							
1657	0,84266	0,940949146587815	0,268081465000856	61709	0,999041588225227	0,00700992869672952	0,0243023481125888	1654	0,91726	0,910916294178373	0,995595007675365	31102	0,996395915370754	0,00214637579332024	0,012733955399145
A_04								D_04							
1653	0,93977	0,970010008955381	0,375319567354966	20674	0,999508357915438	0,00168715788187948	0,0105964024872896	1643	0,937215	0,935447868663594	0,998922413793103	13700	0,999102011494253	0,000582838274748862	0,0059673765133189
A_05								D_05							
1673	0,967225	0,982207466491242	0,429756637168142	12399	0,999446902654867	0,000531451606741371	0,00545280507208192	1655	0,94666	0,945955261783953	0,997793306362633	8375	1	0,000180738938326501	0,00329020878338426
A_06								D_06							
1654	0,97923	0,987863794075662	0,439860361789908	8027	1	0,00027745310074371	0,00374350808510108	1656	0,96709	0,966869366759536	0,996034368803701	5640	1	5,9407609960292E-05	0,00154550045800964

S_10															
A_01								D_01							
1652	0,607995	0,699790868169202	0,442562313479887	218890	0,98413966065599	0,0166762522801159	0,0338425440781364	1643	0,946845	0,942216928269069	0,963327023513581	104182	0,994001870139348	0,00817850423562785	0,0240604628675075
A_02								D_02							
1669	0,654555	0,743351054936971	0,391439611612008	138310	0,993658971564451	0,0140686332306722	0,0358871229366836	1671	0,922105	0,910501303969864	0,995045537340619	55464	0,998105646630237	0,00520220358550765	0,0204696052152653
A_03								D_03							
1648	0,727985	0,792844804871622	0,348827657025501	62033	0,997912031490673	0,00849736108571296	0,0313508659240928	1672	0,918165	0,911862153207543	0,99599546152306	31061	0,992858573049456	0,00233068347770085	0,0139260943265648
A_04								D_04							
1656	0,772415	0,790033187588895	0,443559488692232	20658	0,999508357915438	0,00287436500926305	0,0188658223542936	1637	0,800935	0,7953577600395	0,995689655172414	13669	0,999281609195402	0,00103663866240576	0,00996566899456936
A_05								D_05							
1656	0,797465	0,805644067099745	0,50405604719764	12337	0,998893805309734	0,0013414388675866	0,0132495135473209	1665	0,85119	0,849225216822705	0,993747701360794	8337	0,979404192717911	0,000409301923077675	0,00635781535183773
A_06								D_06							
1657	0,808175	0,81247555232691	0,539511266264678	7963	0,998730561726436	0,000799211001131542	0,0120086191019316	1659	0,80906	0,808158720722264	0,92729676140119	5676	0,992729676140119	0,000295273875514397	0,00811039548789334

S_11															
A_01								D_01							
1665	0,67786	0,872266320445941	0,327504798733415	218481	0,985877012315582	0,00942256401495757	0,0196906542885205	1677	0,95661	0,948736175417699	0,984651173398408	103894	0,996693046274546	0,00463430451259778	0,0133367883937296
A_02								D_02							
1662	0,725585	0,852027953321965	0,350916476766076	138465	0,994094917269395	0,0106313542309921	0,0304749056099003	1667	0,941895	0,932958562735439	0,998069216757741	58416	0,9983970856102	0,0040244162766383	0,0173517429637148
A_03								D_03							
1700	0,790475	0,870222794741927	0,324285469792915	61857	0,996166352900907	0,00429313253059293	0,0166935917155079	1640	0,93337	0,928168762870439	0,997597276913836	31088	0,993192284589201	0,00139956250100889	0,00853461226773711
A_04								D_04							
1663	0,8724	0,893947215930043	0,470206489675516	20814	0,995673549655851	0,00149684915700442	0,00984823340069406	1686	0,901685	0,898931245885451	0,997844827586207	13630	0,99389367816092	0,000514966627592997	0,00546106614799024
A_05								D_05							
1657	0,905775	0,91731251541814	0,49188790560472	12440	0,998893805309734	0,000576126744807041	0,00577026516764324	1648	0,910825	0,909636508330757	0,997057741816844	8445	0,995218830452372	0,000219184513652174	0,00335107876607115
A_06								D_06							
1666	0,917275	0,92413474287398	0,48873373532212	8053	1	0,000298606114829177	0,00360192962892642	1650	0,918055	0,917641961438281	0,972240581625909	5655	1	9,1249873230796E-05	0,00188414706655384

S_12															
A_01								D_01							
1672	0,65219	0,779346482464801	0,423031118209967	217986	0,977834755439732	0,0131367216973001	0,028085472413453	1647	0,941885	0,932886335837288	0,973932082012452	103712	0,975710995050973	0,00655507185911364	0,0198079393135242
A_02								D_02							
1648	0,752195	0,879994650081921	0,37350639056772	138002	0,992608738729813	0,0109065647475894	0,0287724066839788	1663	0,907465	0,893995943204868	0,992131147540984	55580	0,995482695810565	0,00467991563971844	0,018542643786113
A_03								D_03							
1637	0,798995	0,866141640073777	0,406469279479719	62354	0,996097894916995	0,00582840379868829	0,0222423423469321	1645	0,868435	0,858294102704076	0,993659480744844	31242	0,991657211506374	0,00179449081010117	0,0114549331885772
A_04								D_04							
1642	0,83582	0,845783069061792	0,649852507374631	20881	0,998328416912488	0,00208646718084832	0,0152656289330067	1643	0,803125	0,797507611915734	0,999281609195402	13689	0,998383620689655	0,000745898067293564	0,00901641377163353
A_05								D_05							
1653	0,841935	0,8438193816298	0,774336283185841	12369	0,997603244837758	0,000686811387159452	0,00754094308688131	1648	0,77649	0,773429777829593	0,998528870908422	8351	0,992644354542111	0,000206867706238746	0,00379473384314237
A_06								D_06							
1658	0,86911	0,869600556771942	0,838463979688988	8279	0,995874325610917	0,000257693271982473	0,00383039150843658	1651	0,790265	0,78868137459884	0,998017184401851	5699	0,994712491738268	5,75651552051418E-05	0,00179896713540255

