S_01															
A_01								D_01							
289	0,661745	0,955258227277321	0,132781303854399	4274	0,387373376486907	0,0254233235675598	0,0441747137330231	287	0,86572	0,886764903652187	0,790772458777111	1225	0,297899514219901	0,0171376639963383	0,0409737911127776
A_02								D_02							
286	0,751155	0,963546995686628	0,121807193104132	2760	0,474090954126622	0,0250000579842835	0,0544028935830706	288	0,902865	0,892634019124891	0,967176684881603	669	0,246375227686703	0,0150761437399866	0,0463721986547118
A_03								D_03							
287	0,84432	0,968820446760547	0,11651548861886	1011	0,420092418278282	0,0151460505836578	0,0468737951213482	286	0,9127	0,908770545409341	0,961222719081626	208	0,176466662217179	0,00820487907225165	0,0363938750495749
A_04								D_04							
294	0,9358	0,969957330242849	0,298230088495575	177	0,431268436578171	0,00608839787899596	0,0355200256064232	286	0,940205	0,938492634957209	1	65	0,198635057471264	0,00333688059815373	0,0264497735699718
A_05								D_05							
288	0,95285	0,969759888167092	0,346238938053097	80	0,387905604719764	0,00227280933852142	0,0186650474667049	284	0,948505	0,947795276787932	1	40	0,232806178742185	0,0011969185931182	0,0136128409935747
A_06								D_06							
290	0,961555	0,969331822869306	0,475721993018089	39	0,437638844811171	0,00143618455786986	0,0164859932792659	289	0,953795	0,953442794742225	1	21	0,213483146067416	0,00074026733806364	0,0107732046889424

S_02															
A_01								D_01							
286	0,698295	0,936902827555645	0,268280722402029	4527	0,608605495075168	0,0117761674677654	0,0277406641385558	286	0,840735	0,863428816609351	0,759915159532009	1191	0,482997696535681	0,00832076905470389	0,026330005788009
A_02								D_02							
292	0,764085	0,948152606413214	0,218666402457149	3146	0,647795501832954	0,0148949362935836	0,0425618912848008	291	0,88909	0,881350333236743	0,937741347905282	620	0,45344262295082	0,00827824704356474	0,0326999288257199
A_03								D_03							
290	0,839115	0,947144070029569	0,207598836214273	1166	0,611911689200753	0,00943092591744884	0,0367739141698077	298	0,89869	0,895285298107741	0,94073283054128	190	0,380164186077555	0,00406802563515694	0,0237101460985582
A_04								D_04							
287	0,922805	0,948822630774904	0,43716814159292	169	0,585644051130777	0,00269422842755783	0,0209046033536253	288	0,92126	0,919617141211323	0,978627873563218	61	0,369612068965517	0,00159665583276115	0,0158900548604389
A_05								D_05							
287	0,930105	0,945892607515829	0,363753687315634	74	0,561025073746313	0,000908774929427033	0,0107128321687557	295	0,928875	0,928928786857325	0,924972416329533	37	0,448694372931225	0,00058531914244298	0,00865084357623424
A_06								D_06							
285	0,933875	0,93957805221261	0,577594414471596	38	0,503649635036496	0,0005250562294957	0,00806552136711407	293	0,92695	0,926519117121021	0,983476536682089	21	0,309980171844018	0,000339937895780881	0,0072153214484058

S_03															
A_01								D_01							
289	0,70717	0,965007346824539	0,242500665517773	3812	0,805528701329634	0,00410398329137108	0,0136347018758992	289	0,848045	0,866291393697207	0,78306383561019	1035	0,647410313134308	0,0025369102006562	0,0112324773616735
A_02								D_02							
285	0,784675	0,965874210051159	0,247755870405231	2962	0,757851976617458	0,00626404631113153	0,0221018372776204	289	0,890805	0,879107505070994	0,964335154826958	641	0,499489981785064	0,00346061722743582	0,016468480372233
A_03								D_03							
287	0,86147	0,969487952689054	0,230018825945576	1007	0,730925894232415	0,00325043198290992	0,0175996899037085	288	0,906655	0,9007388510245	0,979710338383501	180	0,417606620836949	0,00164032761120017	0,0119681525384655
A_04								D_04							
288	0,95115	0,978796818205763	0,435103244837758	148	0,699410029498525	0,000831757915617621	0,00931737662702824	288	0,94489	0,943496955233706	0,993534482758621	54	0,465876436781609	0,000560813000686665	0,00799941360649459
A_05								D_05							
292	0,96479	0,977916084203602	0,49391592920354	74	0,574852507374631	0,000421618982223244	0,00508070971996694	290	0,955295	0,955190819186845	0,962853990437661	36	0,34902537697683	0,000263664911879148	0,00417813964757693
A_06								D_06							
290	0,970895	0,976611514409522	0,613773405268169	35	0,576959695334814	0,000193072175173571	0,00300727858563753	287	0,96017	0,960067913767652	0,973562458691342	20	0,405155320555188	0,00011460700389105	0,00247548835807931

S_04															
A_01								D_01							
287	0,66871	0,958492384958057	0,146469953623919	4153	0,840626007033472	0,00934400534065752	0,0239477006864049	285	0,855085	0,881372756207053	0,76146600679636	1113	0,721714142358656	0,00640670649271399	0,0215547346473308
A_02								D_02							
293	0,75103	0,97353128030227	0,0917269394629942	2911	0,858139304468443	0,0118982097352561	0,0348991933154195	288	0,90745	0,907093596059113	0,909690346083789	650	0,662331511839709	0,00697101869230196	0,0282264551941945
A_03								D_03							
288	0,83748	0,965026202535351	0,0918706144104056	1077	0,854252952250556	0,00713594254978266	0,0281681522736953	293	0,921085	0,919499289254501	0,940666088233331	212	0,538143228992858	0,00349858304722678	0,0198087645864609
A_04								D_04							
287	0,924365	0,967449823526313	0,12015732546706	164	0,846902654867257	0,00213096940566112	0,0164674595645897	289	0,9412	0,942128867676103	0,908764367816092	55	0,527119252873563	0,00119624856946673	0,0123905793731189
A_05								D_05							
287	0,942605	0,962929652166763	0,213495575221239	65	0,785582595870207	0,000819359121080346	0,00920699653616612	285	0,948305	0,949696118734191	0,847370356748805	40	0,505700625229864	0,00044464896620127	0,00710409292576366
A_06								D_06							
286	0,951865	0,963474541399753	0,226594731831165	39	0,846397968898762	0,000534738841840244	0,00779109090032465	289	0,950985	0,951089995818366	0,937210839391937	21	0,661599471249174	0,000262114595254443	0,00543046390745431

S_05															
A_01								D_01							
289	0,646705	0,97292170384134	0,0588037493169686	3900	0,872472783825817	0,0213650475318535	0,0370816256572262	288	0,8749	0,89713934410482	0,795698679499168	1142	0,654457545556138	0,0141322961776155	0,0331898768072618
A_02								D_02							
286	0,74479	0,984057244123449	0,035806994946993	2746	0,915208560388388	0,0228240992599373	0,0504709099899585	288	0,92176	0,914778325123153	0,965646630236794	608	0,687613843351548	0,0131078744182503	0,0406168163985145
A_03								D_03							
287	0,842515	0,978780337851685	0,0459353072052028	992	0,915899366763649	0,0127444003204395	0,0399996610189515	295	0,927745	0,924763670365426	0,964559834479076	200	0,569645598344791	0,00698715297169469	0,0302901645956364
A_04								D_04							
287	0,93056	0,976905652425855	0,0654867256637168	169	0,928416912487709	0,00488007545586333	0,0274160133979508	289	0,95161	0,950522547728769	0,989583333333333	58	0,675646551724138	0,00282150392919822	0,0208506200111113
A_05								D_05							
292	0,948175	0,970155620425952	0,159660766961652	80	0,862647492625369	0,0017792275120165	0,0139579084010461	287	0,954605	0,954313897435637	0,975726369988967	39	0,468554615667525	0,000978726024261869	0,0108188140489321
A_06								D_06							
294	0,96298	0,977708802178319	0,0428435417327832	35	0,893684544589019	0,0010958542763409	0,0120140566993847	290	0,96805	0,968683087557372	0,884996695307336	20	0,799735624586913	0,000687835049973309	0,0113809853742891

S_06															
A_01								D_01							
285	0,68877	0,946807435452899	0,223740069774284	4653	0,63794432068149	0,0118192146944382	0,0271655816645383	294	0,85024	0,874693409668722	0,763153693525213	1210	0,478960932332885	0,00759299794003231	0,022864798509721
A_02								D_02							
292	0,772485	0,957341090714548	0,224730010898643	3008	0,633429109283662	0,0179697450217442	0,0481513557057776	286	0,88563	0,889093016516952	0,863861566484517	665	0,48207650273224	0,00938304921034588	0,0355545238312787
A_03								D_03							
306	0,845045	0,94937494510642	0,235153174739004	1229	0,675577614239261	0,0102638769359885	0,0390286644410175	295	0,893605	0,894625899241691	0,880998464926917	207	0,396382566909164	0,00444427206836057	0,0243170141283894
A_04								D_04							
285	0,92068	0,942127166412053	0,520353982300885	212	0,582399213372665	0,00262010734721907	0,0190529392656592	287	0,914	0,91390306122449	0,917385057471264	61	0,278376436781609	0,00174232715342951	0,0159780036785273
A_05								D_05							
291	0,93392	0,945214209357783	0,528761061946903	89	0,535029498525074	0,000842909895475713	0,00830902423366926	287	0,92618	0,926794774965658	0,881574108127988	44	0,250091945568224	0,000584672465094998	0,00765060491448564
A_06								D_06							
284	0,932615	0,939567892140676	0,49825452237385	44	0,523643287845128	0,000605008392462054	0,00807963039781417	287	0,92623	0,927148881286936	0,805684071381362	22	0,333113020489095	0,000359909666590373	0,00665662956024104

S_07															
A_01								D_01							
286	0,633465	0,953112488046833	0,0574026592689112	2911	0,869950821739313	0,0179415787747008	0,0308746847657974	286	0,901995	0,938573066159472	0,771728966633977	947	0,591009647182247	0,0110444858472577	0,025597555703306
A_02								D_02							
284	0,72156	0,951255558899254	0,0409392648370158	1714	0,949172693946299	0,0153824466315711	0,0331215273603261	286	0,94523	0,947597797739786	0,930346083788707	460	0,747613843351548	0,0083488642710006	0,025587332675955
A_03								D_03							
286	0,82559	0,960546886436162	0,0366592503850762	649	0,921410234468595	0,0109020050354774	0,0325315489855191	291	0,952935	0,972445775253085	0,712006941200027	161	0,508509644263499	0,00545926268406218	0,023622888109092
A_04								D_04							
282	0,911735	0,958299531159458	0,0425762045231072	128	0,886332350049164	0,00560212886243999	0,0296191823503438	283	0,9431	0,961174086570112	0,311961206896552	55	0,543462643678161	0,00301577965972387	0,0219459951102252
A_05								D_05							
288	0,93372	0,958648548639092	0,0394542772861357	63	0,624631268436578	0,00311064637216758	0,0233171586729843	285	0,948875	0,959737633122298	0,160720853254873	37	0,388378080176536	0,00156444037537197	0,0168269583836201
A_06								D_06							
287	0,93724	0,951582177201815	0,0412567438908283	32	0,642335766423358	0,00203797535667966	0,020181334113947	285	0,94536	0,952092580370503	0,062128222075347	20	0,449438202247191	0,000971757534142075	0,0142303511073108

S_08															
A_01								D_01							
288	0,68803	0,965971374594758	0,187129586818545	4295	0,260854945147325	0,0189577505149924	0,0352131320742489	296	0,853955	0,877946629267449	0,76851323921819	1200	0,202750473236481	0,0131114853131919	0,0330659277660406
A_02								D_02							
294	0,781455	0,969706088875514	0,223640146636283	2756	0,26715545427524	0,0193279456778824	0,0447089768655993	287	0,894325	0,884514633439583	0,955992714025501	639	0,190018214936248	0,0118158147554745	0,0381444817202029
A_03								D_03							
290	0,86443	0,975466229469801	0,215334588396372	1062	0,243368132808489	0,0112803844510567	0,037213377946529	294	0,90866	0,904457428236324	0,960555296002136	208	0,0940399119001535	0,00591473838406977	0,0273322925912341
A_04								D_04							
289	0,960305	0,980150661117842	0,589872173058014	183	0,154277286135693	0,00396548035400936	0,0241308315568396	290	0,94141	0,939732142857143	1	61	0,0549568965517241	0,00222960555428403	0,0180938067477917
A_05								D_05							
288	0,977135	0,984376284844996	0,717367256637168	76	0,0910766961651918	0,00152354024567027	0,0133355785302399	289	0,9565	0,955900466846782	1	40	0,0985656491357116	0,00083413717860687	0,0102012671093194
A_06								D_06							
291	0,983425	0,985125654689635	0,877181847032688	40	0,106315455410981	0,000814392080567649	0,0100847394834294	294	0,96515	0,964884350108571	1	20	0,0812954395241242	0,000352539711604487	0,00541369010323014

S_09															
A_01								D_01							
285	0,68085	0,926741663880834	0,237708937553417	4805	0,400949939052583	0,0351433846799422	0,0571576609619855	288	0,86091	0,884145677636677	0,778160421465551	1357	0,291468059388328	0,0252935242236976	0,0569226508480387
A_02								D_02							
287	0,74164	0,903219981944027	0,262855444367383	2985	0,484256415337363	0,0315199164568558	0,0644296965108373	290	0,89657	0,888414952187772	0,947832422586521	710	0,315300546448087	0,0202378791485469	0,0597203567554558
A_03								D_03							
287	0,82749	0,905337119770472	0,372411432483313	1139	0,480506589080952	0,0207141926451516	0,0595769804706534	289	0,88749	0,881394682650783	0,962757792164453	230	0,216912500834279	0,0117065995269705	0,0488404911867628
A_04								D_04							
287	0,955245	0,97235947953432	0,635791543756146	206	0,555948869223206	0,00978626459143977	0,0515518705190669	287	0,938885	0,937134833772219	1	70	0,263829022988506	0,00531649073014427	0,037629636146374
A_05								D_05							
291	0,97072	0,973470520516405	0,872050147492625	93	0,56047197640118	0,00256893804837112	0,0203842294120931	287	0,946635	0,945899503753529	1	42	0,26553880102979	0,00145560646982531	0,0155136877821446
A_06								D_06							
286	0,98101	0,98309872033894	0,850523643287845	42	0,667724531894637	0,00157215930418861	0,0181981943875775	283	0,961365	0,961070498319789	1	21	0,257105089226702	0,000892324864576193	0,0132186731600119

S_10															
A_01								D_01							
287	0,68639	0,955211580772311	0,201925097726031	4881	0,759124598937974	0,0227825798428322	0,0444956837736088	288	0,857355	0,882294928691732	0,768536045795607	1227	0,466052409514904	0,0147980447089346	0,0373918600659684
A_02								D_02							
295	0,76023	0,965981208412746	0,150559793916576	3417	0,705459229168731	0,0313195694666974	0,0678901613750158	286	0,905715	0,897003767024051	0,960473588342441	750	0,421020036429873	0,0168073821622038	0,0510400539499314
A_03								D_03							
288	0,848185	0,971250402552917	0,128769467739175	1281	0,676193736094472	0,0197615251392387	0,0597849345955754	294	0,91443	0,911337877059946	0,952612961356204	242	0,334579189748382	0,0086906520180058	0,0389044304365474
A_04								D_04							
286	0,943925	0,975931096244008	0,346509341199607	223	0,829891838741396	0,00570973342488752	0,0362915077556039	289	0,94567	0,94411413759052	1	67	0,439295977011494	0,00361550209811559	0,0279420637856445
A_05								D_05							
289	0,96423	0,980393265356467	0,384402654867257	91	0,709439528023599	0,00225628641184102	0,0213183695483963	289	0,959255	0,958754264222099	0,995586612725267	47	0,308937109231335	0,00122213382162206	0,0150980729378352
A_06								D_06							
289	0,96686	0,977231278797454	0,318946366232942	39	0,847032688035544	0,00122015678645	0,0176624442655031	289	0,96205	0,961937053812088	0,976867151354924	20	0,585591539986781	0,000689857480735497	0,012920429650868

S_11															
A_01								D_01							
287	0,693655	0,968233730087773	0,198814677819343	5970	0,63769212447284	0,025744381017777	0,046818322423944	286	0,851005	0,873790449110808	0,769858827285789	1437	0,465869956895569	0,016674959792478	0,0404430113140873
A_02								D_02							
286	0,758775	0,982632828434815	0,0954522936688794	3735	0,619835529574953	0,0346035854123751	0,0762153421296295	287	0,90637	0,899043755433208	0,952422586520947	800	0,391074681238616	0,0188773415732055	0,0586440499070938
A_03								D_03							
288	0,854025	0,977322364376263	0,133253465685436	1362	0,56957042615095	0,0217774687571527	0,0678992633978943	296	0,91207	0,909019171211294	0,949743042114396	261	0,29092972034973	0,0102565885404747	0,0450434253400658
A_04								D_04							
290	0,93474	0,96989411578781	0,278564405113078	231	0,86125860373648	0,00500979987792782	0,0321233249890087	282	0,940685	0,939027526333114	0,998563218390805	69	0,366379310344828	0,00323951354238199	0,0247654592783975
A_05								D_05							
289	0,9546	0,972802401118329	0,301622418879056	103	0,643989675516224	0,00259084908827345	0,0260643470806213	279	0,95314	0,952727328024493	0,983082015446855	54	0,252666421478485	0,00145795193408105	0,0181748958726449
A_06								D_06							
283	0,95677	0,968386936179508	0,231037765788639	42	0,900031735956839	0,000900817196917685	0,0117987300346466	278	0,95617	0,956269176318852	0,943159286186385	20	0,39920687376074	0,000577481040665302	0,0085605568311418

S_12															
A_01								D_01							
275	0,651945	0,904864453030857	0,196138595827554	3500	0,32519300015412	0,0150567390707255	0,0320941632708208	283	0,862715	0,889659500617984	0,766757132757087	1023	0,250689898966862	0,00952089768825863	0,0264216595268504
A_02								D_02							
279	0,737825	0,89241314742368	0,279758248290895	2367	0,314396116120083	0,0117846367589839	0,0325611352661292	275	0,87299	0,862248623587366	0,940510018214936	573	0,16856102003643	0,0073554657816437	0,0264607666526613
A_03								D_03							
280	0,807315	0,895324530842873	0,292829026185179	887	0,224268355296936	0,00684643801022358	0,026574272351922	279	0,86933	0,862526146246021	0,953347126743643	192	0,129813788960822	0,00385857053482884	0,0207958057459131
A_04								D_04							
281	0,877475	0,892103460991413	0,604424778761062	160	0,11701081612586	0,00311528397039754	0,0212743230023289	282	0,865885	0,862208895655036	0,994252873563218	60	0,0944683908045977	0,00199152101930272	0,0175290401168314
A_05								D_05							
284	0,880885	0,884924142751419	0,735988200589971	68	0,0781710914454278	0,00132111726558329	0,0139038360513378	280	0,86788	0,866059073098778	1	38	0,125045972784112	0,000643859006637685	0,00896671660590986
A_06								D_06							
279	0,87784	0,877693054066823	0,887019993652809	35	0,104728657569026	0,000753160219729924	0,0105830186208819	280	0,86397	0,8629330888169	1	20	0,0575016523463318	0,000338561532005798	0,00625530071977217

