S_01															
A_01								D_01							
3346	0,67416	0,876029138516797	0,310355456545192	222189	0,980174575819988	0,0148297085939535	0,0331742992375969	3329	0,93435	0,929408977092979	0,951946541382535	107367	0,99295276757817	0,0102743628604211	0,0273841761199192
A_02								D_02							
3320	0,74028	0,887431036212258	0,304250470623204	141306	0,988130387397206	0,0106922039184895	0,0264565762556162	3363	0,915045	0,902434077079108	0,99431693989071	58733	0,992786885245902	0,00772667639082468	0,0268850907148457
A_03								D_03							
3352	0,831875	0,927294551629241	0,274071538593188	64750	0,996132123908951	0,00590411816563887	0,0196103512832011	3374	0,904	0,896566261478675	0,995795234599212	34065	0,995528265367416	0,00339110906457019	0,0172946237342892
A_04								D_04							
3323	0,917	0,944413422535953	0,405309734513274	22849	0,998623402163225	0,00224294976637403	0,0135319833310563	3346	0,908265	0,905715108624095	0,997306034482759	15806	0,992816091954023	0,00135896602776096	0,0124429415107923
A_05								D_05							
3310	0,93962	0,951915960858482	0,498525073746313	14010	0,998525073746313	0,00111441179359889	0,0091966188008263	3355	0,88283	0,88131649778742	0,992644354542111	10083	0,999632217727106	0,000478170942793989	0,00675212617861318
A_06								D_06							
3324	0,956225	0,963921584564819	0,475404633449699	9439	0,998095842589654	0,000616746978404974	0,00696027972758043	3376	0,92061	0,920105598855341	0,986781229345671	7034	0,984137475214805	0,000241501565475792	0,00505693998256755

S_02															
A_01								D_01							
3376	0,687435	0,90180133253516	0,301108262228013	221525	0,980356717526235	0,0107786025124847	0,0284643480099966	3351	0,930675	0,91977739780856	0,969484799416152	108386	0,989486167810797	0,00575785672000694	0,0183249220659779
A_02								D_02							
3325	0,749805	0,895656535259304	0,317626077479441	141935	0,987020707420985	0,00746342974107905	0,0217587157880325	3366	0,895775	0,881025789626195	0,988488160291439	59028	0,992021857923497	0,00446213799156717	0,0190956297847191
A_03								D_03							
3681	0,812985	0,893673331967093	0,341297278795139	65452	0,992983056648982	0,0033091975223297	0,0133920934846491	3367	0,87455	0,864952950269435	0,993058799973303	34478	0,990522592271241	0,00160625055209788	0,0102966658670905
A_04								D_04							
3353	0,88207	0,900289732918927	0,541986234021632	23109	0,994591937069813	0,00113600806707071	0,00876667519896987	3358	0,86255	0,858670383475971	0,998024425287356	15905	0,992816091954023	0,000536613630594098	0,00632848942555625
A_05								D_05							
3472	0,88386	0,890202285996217	0,656342182890855	14132	0,999078171091445	0,000520226692685081	0,00533443385323562	3349	0,836075	0,833851207161359	0,997425524089739	10195	0,972784111805811	0,00025723523970845	0,00439759809687496
A_06								D_06							
3369	0,89514	0,898135118796641	0,708029197080292	9524	0,991431291653443	0,000211516774381429	0,00271675977425649	3369	0,851635	0,85053933003169	0,995373430270985	7019	0,972240581625909	7,99053235203054E-05	0,00157718519532908

S_03															
A_01								D_01							
3376	0,70852	0,940323571256424	0,29076821767335	221721	0,976671850699845	0,0097352021002435	0,0276156201864572	3338	0,92612	0,909940891305322	0,983738910301731	108113	0,972632107099688	0,00406865793669527	0,0138113533964949
A_02								D_02							
3340	0,77305	0,922546561005785	0,330070345784207	141786	0,98149212325374	0,00555308813922581	0,0175676469127965	3337	0,88495	0,867087800637496	0,997231329690346	58476	0,980255009107468	0,00267860259443077	0,0129307578547795
A_03								D_03							
3337	0,837765	0,921691015018883	0,347150436419647	64779	0,987506417935992	0,00228549172172079	0,0103260954609192	3334	0,865825	0,855543004156375	0,992791830741507	34278	0,986317826870453	0,00111100910130922	0,0081211628896043
A_04								D_04							
3336	0,891025	0,909071274298056	0,554178957718781	23022	0,984267453294002	0,000719929806009253	0,00553102220761943	3346	0,84526	0,840962393021725	0,995330459770115	15858	0,991558908045977	0,000438215189353826	0,00626428783414609
A_05								D_05							
3318	0,87862	0,885952018748458	0,615597345132743	13960	0,997050147492625	0,000331974126995306	0,00364756304103547	3346	0,81808	0,815739985097399	0,987863184994483	10072	0,991541007723428	0,000189756175989619	0,00334339485934984
A_06								D_06							
3333	0,90122	0,90416512148906	0,717232624563631	9415	0,964773087908601	0,000171389683062142	0,0025897009650467	3353	0,836285	0,835077360230141	0,994712491738268	7052	0,929940515532055	7,48573721195668E-05	0,0015675286266792

S_04															
A_01								D_01							
3378	0,640485	0,775746927161482	0,39671864710745	221727	0,971866111835008	0,0100491753022165	0,0269983965162983	3386	0,92848	0,919822225637676	0,959313065888202	107761	0,982210869614797	0,00546110872675168	0,0171320614211647
A_02								D_02							
3338	0,666785	0,751523054803223	0,415694045377985	141605	0,981056177548796	0,00641279687263846	0,0194483953002449	3322	0,9135	0,901402492031295	0,989544626593807	58627	0,9824043715847	0,00385363013662364	0,0167703910031799
A_03								D_03							
3368	0,70092	0,749339813215446	0,41786753380113	65425	0,985384220434708	0,00288157546770524	0,0120547150003966	3362	0,88242	0,873130577190204	0,997130080758193	34542	0,977441099913235	0,00147317677815502	0,0092535442720738
A_04								D_04							
3622	0,74993	0,760965074013591	0,543952802359882	23077	0,938839724680433	0,000966933048038739	0,00697338303119147	3365	0,82877	0,82452991277156	0,976831896551724	15907	0,892061781609195	0,000512645737411695	0,00544506041000389
A_05								D_05							
3369	0,769165	0,77561466984623	0,537794985250737	14098	0,992441002949852	0,000500191915044515	0,00519551965636946	3368	0,80786	0,805358853614894	0,989334314086061	10122	0,94372931224715	0,000222506236624756	0,00346808537176938
A_06								D_06							
3383	0,76588	0,768401160280215	0,608378292605522	9452	0,90669628689305	0,000202908026059763	0,00287667733890933	3357	0,798375	0,796898537435701	0,992068737607403	7085	0,881031064111038	9,43003691489139E-05	0,00224539900365287

S_05															
A_01								D_01							
3375	0,655745	0,87538386186415	0,259916214815126	222379	0,989898140753506	0,0176971814011235	0,0368573900292241	3451	0,94826	0,951733235992904	0,935890710881018	108704	0,996898305471298	0,0122010160346288	0,0317209663120698
A_02								D_02							
3333	0,678045	0,824796870297924	0,24319825621718	141529	0,995957594372337	0,0133839658186359	0,0323809301446637	3653	0,94604	0,939032164589974	0,990091074681239	58833	0,999234972677596	0,00963154343010209	0,0330785084634936
A_03								D_03							
3345	0,7947	0,907515297010862	0,135204518226938	65399	0,999349649152832	0,00788519505055521	0,0256169487188278	3380	0,94676	0,943615992043974	0,985583661483014	34538	0,995394780751518	0,00484818553937158	0,0236410014888534
A_04								D_04							
3366	0,905565	0,946193963019544	0,147197640117994	23408	1	0,0033219089535713	0,0193480085661591	3357	0,94411	0,94397012837393	0,948994252873563	15822	1	0,00193588803934587	0,0164683313790379
A_05								D_05							
3344	0,93831	0,958679384919003	0,20759587020649	13949	0,999446902654867	0,00147954129695008	0,0117340979823268	3336	0,95489	0,955089440949711	0,9404192717911	10056	1	0,000673407485525366	0,00839896712390346
A_06								D_06							
3323	0,94865	0,961660968559657	0,135829895271342	9362	1	0,000872469491758161	0,00968848675389949	3341	0,9587	0,959765626968013	0,818902842035691	7070	1	0,000426151371406809	0,00863114664549195

S_06															
A_01								D_01							
3350	0,68102	0,881440133098028	0,31982682527006	224883	0,97192215543693	0,0102806813920151	0,0279450117475156	3349	0,92179	0,908628076309773	0,968663762629142	111888	0,98047756973111	0,00558191976748867	0,0180737526155911
A_02								D_02							
3372	0,73457	0,860855318152941	0,360368572277816	146972	0,975487961953829	0,00693863002867791	0,0202670247694295	3364	0,891765	0,878377281947262	0,97591985428051	60649	0,981748633879781	0,00490190947530787	0,0210513602552539
A_03								D_03							
3380	0,784945	0,850865122815236	0,399589252096526	67944	0,977956529180216	0,00308235447515821	0,0121687499257178	3341	0,870155	0,860731716544966	0,9865180537943	35148	0,983047453780952	0,00174790388826343	0,0118758602542428
A_04								D_04							
3358	0,83698	0,85035031343834	0,587413962635202	24916	0,987217305801377	0,000920822245362348	0,00704220773846949	3502	0,8458	0,841425279789335	0,998563218390805	15881	0,963182471264368	0,000500677674137389	0,00563591188735173
A_05								D_05							
3848	0,835505	0,840185839980265	0,667588495575221	14954	0,989675516224189	0,000435530406381236	0,0042086667216741	3455	0,81963	0,817154211505416	0,999264435454211	10289	0,911364472232438	0,000195913808649592	0,0030847957807852
A_06								D_06							
3405	0,83051	0,832252132345097	0,721675658521104	9959	0,942557918121231	0,000231237904032952	0,00324818981962262	3701	0,82516	0,824184959216473	0,953073364177132	7117	0,913417052214144	9,54655670066404E-05	0,0020605356900498

S_07															
A_01								D_01							
3430	0,624395	0,823575143632363	0,265436509604472	230146	0,988511061605929	0,017568463610082	0,036448803591618	3465	0,946765	0,95541552195603	0,915957762218624	112858	0,996852692316464	0,0104094671997872	0,0268649528596343
A_02								D_02							
3443	0,70332	0,896860266827164	0,129832557217874	150657	0,996532250074309	0,0135793711174435	0,0312761279394243	3571	0,94448	0,950698348304839	0,905391621129326	63027	0,999890710382514	0,00709464088052867	0,023414005110209
A_03								D_03							
3935	0,79651	0,913809760810376	0,110799246962177	69346	0,999315420160876	0,00900019975090727	0,0279652964947696	3376	0,942095	0,948026397574277	0,868851364880198	35770	0,994193419208436	0,00413604521588367	0,0188853997358228
A_04								D_04							
3424	0,900345	0,942796186061213	0,107964601769912	24036	0,99960668633235	0,0042534112146207	0,0232360929614787	3365	0,927945	0,941799703752469	0,444145114942529	16335	1	0,00207212962316635	0,0160001858659506
A_05								D_05							
3374	0,937165	0,958232258860291	0,18141592920354	14454	1	0,00229250481489205	0,0177098461619831	3403	0,951985	0,957228521753235	0,57153365207797	10199	0,989702096358955	0,00101841393030785	0,0116897226415386
A_06								D_06							
3371	0,96705	0,980589182571413	0,121231355125357	9480	1	0,00142078000176595	0,0144980090278325	3396	0,975045	0,979570450457713	0,381361533377396	7193	0,998678122934567	0,000527105005490791	0,00810394602159234

S_08															
A_01								D_01							
3395	0,696595	0,904032590358167	0,3227551034705	229614	0,988693203312177	0,0122517723744809	0,0302718524401773	3393	0,929345	0,918394139081542	0,968344470545305	105763	0,996122881839122	0,00742918305288912	0,0211723558480429
A_02								D_02							
3405	0,778395	0,916146721503327	0,370216982066779	140235	0,99492717725156	0,00793268126161952	0,0218265937238894	3448	0,89392	0,877728194726166	0,995701275045537	57469	0,996539162112933	0,00540098298053985	0,020947781880972
A_03								D_03							
3386	0,83477	0,914553385835993	0,368372411432483	64902	0,997912031490673	0,00382447869138769	0,0141117016743583	3914	0,86762	0,857083403146738	0,997730761529734	37099	0,993525996128946	0,00220401494701466	0,0131114426292126
A_04								D_04							
3941	0,89307	0,909160828109361	0,592723697148476	25317	0,999016715830875	0,00116932586843659	0,00774259919406643	3955	0,82784	0,822925238643845	0,999461206896552	16094	1	0,000621645724122374	0,00663343913648281
A_05								D_05							
3411	0,875545	0,879990337965628	0,716076696165192	15057	0,999078171091445	0,000567034445894861	0,00519274961995257	3377	0,78841	0,785514063695946	0,998528870908422	10843	0,995954394998161	0,000203167975673413	0,00358132152525616
A_06								D_06							
3924	0,905435	0,907578905658652	0,771501110758489	10004	0,993335449063789	0,000280006097802921	0,00360954850960191	3978	0,810535	0,809131076594437	0,994712491738268	7209	0,98876404494382	6,16938679694663E-05	0,00156478690815344

S_09															
A_01								D_01							
3680	0,68915	0,902081211565223	0,30540960867555	239226	0,989940173454948	0,0122102074747887	0,0289047558931959	3386	0,935725	0,92269120670112	0,982142449882546	107649	0,996670239697129	0,00994788419384411	0,0270346740540794
A_02								D_02							
3447	0,74641	0,897903500852643	0,297513127910433	142985	0,993698602992173	0,00908640510053537	0,0233421386760449	3417	0,917365	0,904514633439583	0,998142076502732	58931	0,998469945355191	0,00758166013755622	0,0266365094887204
A_03								D_03							
3396	0,84311	0,943086336622069	0,258668492212904	65499	0,998220092418278	0,004568287276877	0,0158278744140666	3941	0,91327	0,906295097207284	0,999399319228459	37640	0,996195688446907	0,00264254558340332	0,0144399361201059
A_04								D_04							
3712	0,94095	0,971753674340199	0,365978367748279	25071	0,999705014749263	0,00140799067298525	0,00902318245295329	3412	0,929645	0,927681657340355	0,998204022988506	16670	0,998922413793103	0,00092388522539751	0,00977012547164441
A_05								D_05							
3660	0,967895	0,98394457692624	0,392146017699115	14853	0,999446902654867	0,000417731080271538	0,00423704370292881	3383	0,94383	0,943116671144206	0,995586612725267	10407	1	0,000291459243198283	0,00615596513327501
A_06								D_06							
3368	0,97707	0,985948620516233	0,422405585528404	9742	0,995874325610917	0,00022499314684351	0,00308235871053938	3408	0,963095	0,962843914211006	0,996034368803701	7228	1	7,11874231877106E-05	0,00213488594178424

S_10															
A_01								D_01							
3394	0,633895	0,781173470577717	0,368472671738613	238348	0,984349824163199	0,012598963820486	0,0309059226209801	3913	0,93088	0,920296119831191	0,968572536319474	121521	0,993180833352339	0,00891583271527579	0,0252621021915327
A_02								D_02							
3359	0,67441	0,783174507640352	0,352125235311602	155298	0,993440998711979	0,00887439434305165	0,0235342640076846	3425	0,912665	0,898968414952188	0,998761384335155	65708	0,997559198542805	0,00720959735372179	0,0269426212538191
A_03								D_03							
3434	0,74461	0,81705067775273	0,321136402532945	72082	0,997672428546979	0,00464965960609946	0,0167929231951866	3399	0,91858	0,91207294464833	0,998932123072816	37436	0,992524861509711	0,00309400151040901	0,0173390839926395
A_04								D_04							
3384	0,81488	0,837865458568193	0,385840707964602	24736	0,999508357915438	0,00180427254530763	0,0116227175197125	3392	0,87357	0,870005966096116	0,998024425287356	16642	0,999820402298851	0,00122479944972396	0,0115266502278451
A_05								D_05							
3358	0,833965	0,845222432365759	0,430125368731563	14877	0,998340707964602	0,000634289284823325	0,00590491440068104	3386	0,895055	0,893770814219312	0,988230967267378	10588	0,979404192717911	0,000368671021143317	0,00516336597996306
A_06								D_06							
3380	0,843615	0,849742696178289	0,460806093303713	9890	0,999682640431609	0,00048941783817568	0,00658604122813638	3388	0,86507	0,864434446588442	0,948446794448116	7232	0,991407799074686	0,000222069917072518	0,00573301228263972

S_11															
A_01								D_01							
3398	0,677645	0,889323392444821	0,296162414358371	246485	0,985736903310776	0,010887692147317	0,027826070366775	3441	0,93075	0,918234039691841	0,975323283234885	119663	0,996670239697129	0,0080299752727641	0,0233471236725974
A_02								D_02							
3441	0,72841	0,864841007122078	0,32414544733974	159166	0,994114732983256	0,00766978182621561	0,0219789804382091	3409	0,919455	0,906850188351203	0,998688524590164	66328	0,99551912568306	0,00763128639248315	0,0304335141775658
A_03								D_03							
3866	0,797875	0,883379687911702	0,298031832962519	72845	0,99568714701352	0,00367790112857857	0,0149891633547055	3485	0,91705	0,910370398395823	0,999532803844357	36379	0,990188880731496	0,00287436770994123	0,0195562206332974
A_04								D_04							
3471	0,886755	0,911231101511879	0,429891838741396	24489	0,995181907571288	0,00116427176868412	0,00840582401418709	3439	0,916775	0,914504814022383	0,996048850574713	16774	0,992995689655172	0,000814250244863144	0,0101145659941648
A_05								D_05							
3786	0,92054	0,933635186251131	0,450774336283186	14808	0,998709439528024	0,000484673843430986	0,00485896970284613	3520	0,92008	0,919013995265636	0,997425524089739	10679	0,995218830452372	0,000525957678747291	0,00977820289621396
A_06								D_06							
3787	0,926125	0,933451528836824	0,468422722945097	9727	0,999047921294827	0,000239469022570412	0,00293924747452845	3768	0,930525	0,930035720223491	0,994712491738268	7312	0,999339061467284	8,5417800776294E-05	0,00178958441668866

S_12															
A_01								D_01							
3466	0,656305	0,803439402302782	0,391142308716181	242620	0,976503719894078	0,011460066787677	0,0284364193837643	3509	0,927095	0,913962587974615	0,973863662280202	118506	0,97810568567975	0,00723619796804541	0,0209940231657833
A_02								D_02							
3473	0,752885	0,88042933092587	0,37495293767958	155681	0,990805508768453	0,00691877294103605	0,0192941719744037	3801	0,88604	0,868594610257896	0,995701275045537	64842	0,991730418943534	0,00422422716566109	0,0170059768303466
A_03								D_03							
3476	0,8036	0,875217378575402	0,384939243539278	71659	0,995755604997433	0,00331265709025744	0,0126995744300061	3952	0,86122	0,850084046330878	0,998731896148969	40125	0,991590469198425	0,0014402696042771	0,00842268035760932
A_04								D_04							
3596	0,842335	0,854396038560818	0,617207472959685	26711	0,996263520157325	0,00106730612923457	0,00765840365089633	3997	0,80164	0,7959646560237	0,999820402298851	17661	0,996048850574713	0,00054174972964043	0,00596104738673239
A_05								D_05							
3973	0,844575	0,847514595839158	0,739122418879056	16249	0,997603244837758	0,00044607210165396	0,00433124853418509	4047	0,776205	0,773130712030048	0,999264435454211	12210	0,997425524089739	0,000163000078286015	0,00271858447418792
A_06								D_06							
4054	0,879895	0,881116998308348	0,803554427165979	10918	0,998730561726436	0,000202697066666414	0,00282640607809481	4012	0,794805	0,793245905273393	0,999339061467284	7904	0,993390614672835	4,99430131596032E-05	0,00143156185840431

